Euclidean Homography:
[0.9854175590375208, -0.05714376241307663, -0.0046007823841407;
 0.0648783164020743, 0.9879733896490513, 0.007310612636643566;
 0.0960207564551608, 0.0006592696432665629, 1]

Euclidean Homography 2:
[0.985417559037521, -0.05714376241307664, -0.0046007823841407;
 0.06487831640207431, 0.9879733896490516, 0.007310612636643522;
 0.09602075645516081, 0.0006592696432665487, 1]


findHomography H:
[1.113758297090875, -0.0625736519960723, -3.310084774604136;
 0.1188710197919203, 1.049606624078971, -30.55836671506768;
 0.0002035652031529537, -5.322863328977595e-06, 1]

homography from camera displacement:
[1.110786676643981, -0.0603770154484948, -3.047332635746138;
 0.1167974165543773, 1.050851507658662, -30.32552280672108;
 0.0001967547487928795, 1.351971896243822e-06, 0.9999999999999999]
 
homography from absolute camera poses:
[1.110786676643981, -0.06037701544849482, -3.047332635746198;
 0.1167974165543773, 1.050851507658662, -30.32552280672111;
 0.0001967547487928795, 1.351971896243793e-06, 0.9999999999999999]